31.0 458.0 0
31.0 458.0 0
31.0 458.0 0
54.0 445.0 0
28.0 439.0 0
39.0 451.0 0
57.0 438.0 0
48.0 431.0 0
84.0 410.0 0
68.0 411.0 0
68.0 422.0 0
75.0 436.0 0
75.0 424.0 0
85.0 399.0 0
90.0 388.0 0
110.0 386.0 0
99.0 407.0 0
87.0 431.0 0
106.0 388.0 0
113.0 361.0 0
113.0 334.0 0
130.0 305.0 0
127.0 317.0 0
125.0 342.0 0
123.0 353.0 0
122.0 364.0 0
147.0 322.0 0
150.0 297.0 0
166.0 320.0 0
166.0 320.0 0
166.0 320.0 0
166.0 310.0 0
155.0 310.0 0
151.0 310.0 0
183.0 337.0 0
175.0 337.0 0
175.0 353.0 0
184.0 354.0 0
184.0 372.0 0
174.0 372.0 0
188.0 387.0 0
176.0 393.0 0
192.0 400.0 0
203.0 416.0 0
221.0 421.0 0
235.0 431.0 0
254.0 438.0 0
276.0 448.0 0
303.0 448.0 0
316.0 430.0 0
342.0 400.0 0
350.0 375.0 0
366.0 348.0 0
391.0 289.0 0
395.0 269.0 0
407.0 248.0 0
422.0 226.0 0
437.0 198.0 0
466.0 155.0 0
445.0 177.0 0
380.0 309.0 0
377.0 320.0 0
371.0 339.0 0
339.0 362.0 0
339.0 384.0 0
337.0 405.0 0
329.0 406.0 0
329.0 408.0 0
329.0 408.0 0
316.0 418.0 0
316.0 418.0 0
316.0 418.0 0
316.0 418.0 0
316.0 418.0 0
316.0 418.0 0
291.0 443.0 0
310.0 432.0 0
302.0 432.0 0
287.0 432.0 0
260.0 436.0 0
244.0 418.0 0
230.0 417.0 0
219.0 406.0 0
202.0 395.0 0
202.0 430.0 0
227.0 438.0 0
259.0 449.0 0
287.0 454.0 0
324.0 430.0 0
351.0 405.0 0
359.0 374.0 0
383.0 345.0 0
396.0 317.0 0
402.0 298.0 0
414.0 276.0 0
421.0 259.0 0
429.0 241.0 0
432.0 232.0 0
444.0 219.0 0
467.0 194.0 0
470.0 180.0 0
441.0 204.0 0
453.0 186.0 0
452.0 198.0 0
454.0 174.0 0
421.0 225.0 0
427.0 211.0 0
416.0 236.0 0
412.0 257.0 0
402.0 263.0 0
394.0 289.0 0
394.0 280.0 0
383.0 301.0 0
379.0 324.0 0
379.0 324.0 0
349.0 328.0 0
361.0 338.0 0
358.0 362.0 0
377.0 360.0 0
361.0 378.0 0
345.0 403.0 0
345.0 403.0 0
345.0 403.0 0
341.0 411.0 0
330.0 417.0 0
